36
31
43
45
19
4
7
41
38
37
5
48
25
25
31
7
11
7
2
21
50
17
2
29
5
19
5
33
18
28
44
34
3
28
28
50
20
8
48
42
29
49
25
50
14
1
38
12
28
39
26
18
47
10
42
32
34
37
11
17
2
46
41
31
39
34
9
39
15
47
5
37
20
35
6
23
44
34
7
35
8
4
26
3
46
35
9
25
44
2
26
5
41
47
21
28
9
34
26
45
4
36
16
27
31
40
45
5
15
43
16
30
2
3
48
1
8
14
29
10
13
0
8
31
47
24
18
8
17
35
21
15
36
25
19
31
27
9
25
31
26
8
27
21
49
13
29
45
5
45
25
14
48
2
18
37
39
30
18
41
34
35
31
45
49
35
25
20
38
10
35
45
50
30
9
31
49
4
43
11
36
14
11
23
20
0
13
27
50
44
15
15
33
1
36
45
26
24
40
2
23
0
6
11
25
24
17
35
2
0
31
17
16
19
29
26
35
22
17
8
46
31
29
12
44
20
42
26
14
39
14
7
14
35
0
34
23
36
0
0
35
23
27
5
40
47
10
37
19
28
44
24
46
22
0
50
41
45
17
4
45
50
16
44
24
21
38
36
21
3
32
47
46
39
14
21
25
31
11
30
37
14
8
4
23
49
36
33
3
48
36
0
21
8
40
22
10
0
38
28
2
3
29
16
39
9
47
10
21
50
35
34
14
41
24
22
7
8
2
30
25
11
40
27
10
21
12
37
9
32
23
28
32
41
23
22
40
50
42
3
19
20
27
4
49
18
2
12
11
48
38
3
43
31
30
6
20
0
49
2
1
6
26
28
38
35
37
42
10
31
4
29
1
14
21
46
21
36
27
21
39
26
7
4
30
44
10
5
48
24
17
41
7
37
0
20
26
40
23
23
2
31
35
35
28
20
10
32
13
0
1
38
42
16
28
7
18
29
40
26
39
40
5
2
39
19
29
41
39
44
40
47
5
10
16
49
22
40
19
27
50
14
12
42
49
42
11
35
35
18
45
19
11
24
30
5
16
41
18
31
38
10
17
8
16
46
43
27
29
2
6
46
1
26
40
11
5
42
4
10
8
4
9
28
41
23
20
8
20
12
16
0
3
31
42
27
16
42
15
4
28
11
13
38
45
39
38
0
23
1
42
37
40
38
5
4
48
21
32
9
48
24
15
36
7
2
5
26
1
41
22
35
18
49
25
20
46
6
3
24
19
8
21
37
28
6
28
12
10
29
41
8
22
26
25
25
8
23
26
38
1
6
41
42
12
12
4
4
23
47
43
12
48
0
46
27
49
17
13
46
2
7
26
0
4
3
30
17
15
43
4
13
38
20
45
13
28
21
38
25
2
1
11
20
35
17
48
48
34
31
38
49
18
9
20
33
33
17
38
19
41
48
20
43
1
41
16
36
46
22
15
23
33
41
6
45
0
4
14
37
5
48
39
1
5
36
33
31
32
39
1
27
17
17
2
5
1
39
25
25
13
21
49
50
48
29
1
22
0
12
44
44
37
42
35
9
13
17
6
19
35
41
1
37
21
24
4
8
21
26
14
28
36
40
27
34
31
29
37
2
11
28
1
44
34
18
42
3
1
46
16
16
3
50
44
28
43
40
25
0
46
24
46
19
27
25
23
20
22
14
26
27
11
25
39
19
44
17
41
3
33
10
6
20
46
37
6
34
16
17
14
44
40
50
41
38
2
15
30
7
18
39
26
16
43
0
34
4
14
45
47
25
20
36
23
39
22
37
7
39
6
41
16
4
3
6
0
47
28
49
31
24
12
16
12
1
25
42
42
39
36
48
28
49
17
38
7
27
8
29
39
1
20
12
20
44
34
16
45
3
43
18
10
11
12
14
42
30
21
17
21
25
21
45
41
29
18
11
1
30
2
47
38
2
5
24
15
6
49
32
41
30
45
20
24
30
5
49
21
23
24
13
30
9
5
41
44
0
1
43
41
17
11
48
33
3
22
13
5
23
43
11
6
4
14
16
31
41
17
46
26
22
16
20
7
50
45
46
28
44
8
28
46
33
14
17
28
37
29
16
24
36
35
44
15
1
37
42
37
2
45
22
10
9
10
16
13
29
41
38
38
45
26
24
17
44
25
16
3
3
38
18
48
36
25
9
24
33
46
1
24
32
29
13
35
26
20
28
26
31
23
30
39
35
33
18
42
40
15
27
20
47
48
20
3
43
44
18
25
9
2
29
38
8
23
14
16
35
29
34
4
39
26
8
33
24
35
19
20
3
